1136
1136
1136
1136
955
955
955
851
716
716
716
638
851
716
955
955
478
478
478
358
426
478
568
478
638
638
638
638
638
638
638
638
638
638
638
568
758
758
851
851
955
955
955
851
716
716
638
638
1136
1136
716
716
851
955
851
716
955
955
955
955
955
955
955
955
568
568
568
478
758
758
638
638
851
716
955
955
955
955
955
955
1136
955
1136
1136
955
851
758
638
851
851
851
851
851
851
955
851
716
716
716
638
478
478
478
568
638
638
568
638
716
716
851
955
1136
1136
1136
1136
716
716
716
716
851
716
851
955
1136
955
851
716
955
955
955
955
955
955
955
955
0
0
0
